3 16
10 11
9 18
12 18
1 4
16 15
13 18
0 19
17 19
6 19
18 19
4 2
3 14
11 14
4 14
16 7
7 15
5 2
19 2
1 8
2 8
14 13
11 3
4 6
13 12
14 18
11 1
4 13
1 2
4 17
9 1
1 3
9 3
19 8
4 19
4 0
14 19
9 19
12 19
11 4
1 14
4 5
19 5
18 6
6 0
1 6
17 6
17 0
9 13
11 9
1 19
1 5
1 0
18 7
16 19
1 12
18 8
10 18
11 13
3 13
17 18
18 0
9 15
3 19
11 19
11 12
12 8
5 8
11 17
11 5
3 5
9 5
4 15
13 19
3 12
13 0
14 2
3 17
10 19
17 2
0 2
6 2
18 2
10 4
13 17
4 12
9 12
9 4
9 8
13 8
1 13
14 5
16 18
3 18
4 16
11 0
3 0
15 8
16 5
14 12
12 15
1 17
9 16
10 7
6 5
9 2
12 7
11 2
3 2
3 6
10 6
11 16
3 15
12 17
10 16
11 6
3 7
13 15
14 15
9 17
10 14
11 7
4 7
13 7
13 5
12 16
16 17
3 4
4 18
1 18
0 8
10 13
10 8
13 16
