0 1
0 2
0 3
0 6
0 7
0 9
0 11
0 12
0 13
0 14
0 15
0 16
0 17
0 18
0 19
1 0
1 2
1 3
1 5
1 6
1 19
2 0
2 1
2 3
2 4
2 5
2 6
2 7
2 9
2 12
2 13
2 15
2 17
2 18
3 0
3 1
3 2
3 4
3 5
3 8
3 10
3 14
3 16
3 17
3 18
3 19
4 2
4 3
4 5
4 6
4 17
4 18
4 19
5 1
5 2
5 3
5 4
5 6
5 12
5 15
5 17
5 18
5 19
6 0
6 1
6 2
6 4
6 5
6 7
6 8
6 9
6 10
6 11
6 12
6 13
6 14
6 15
6 16
6 17
6 18
6 19
7 0
7 2
7 6
7 9
7 13
7 15
7 18
7 19
8 3
8 6
8 18
9 0
9 2
9 6
9 7
9 12
9 13
9 15
9 17
9 19
10 3
10 6
10 19
11 0
11 6
11 14
11 16
12 0
12 2
12 5
12 6
12 9
12 13
12 15
12 19
13 0
13 2
13 6
13 7
13 9
13 12
13 15
13 18
13 19
14 0
14 3
14 6
14 11
14 16
15 0
15 2
15 5
15 6
15 7
15 9
15 12
15 13
15 17
15 18
15 19
16 0
16 3
16 6
16 11
16 14
17 0
17 2
17 3
17 4
17 5
17 6
17 9
17 15
18 0
18 2
18 3
18 4
18 5
18 6
18 7
18 8
18 13
18 15
19 0
19 1
19 3
19 4
19 5
19 6
19 7
19 9
19 10
19 12
19 13
19 15
