1 6
1 3
3 4
5 18
5 19
6 10
3 8
17 4
6 2
6 4
2 3
3 10
18 4
0 14
0 2
6 8
0 11
0 16
2 4
17 2
5 2
0 1
17 3
15 2
12 2
9 2
13 2
7 2
14 16
3 16
11 16
6 14
11 14
0 12
6 11
1 5
0 17
0 15
6 16
0 7
0 9
5 3
18 3
0 13
5 4
12 6
0 18
0 19
4 19
6 19
3 19
1 19
7 19
15 6
13 19
7 6
17 6
0 6
9 6
13 6
7 18
13 18
13 15
17 15
9 15
7 15
9 12
5 12
18 6
5 6
7 9
3 14
10 19
13 12
17 12
7 12
5 17
15 19
12 19
9 19
1 2
18 2
0 3
18 8
5 15
18 15
7 13
17 9
1 18
17 7
0 5
11 3
9 18
10 4
17 18
7 4
0 4
12 4
5 9
17 13
18 10
18 14
1 9
13 4
15 4
9 4
17 19
18 12
1 4
1 10
2 10
8 19
16 19
17 10
9 3
1 17
5 10
2 8
14 4
9 16
4 8
15 3
6 3
12 8
11 4
13 14
7 11
13 11
12 11
13 10
18 16
5 16
7 8
1 13
9 14
1 11
1 7
7 10
9 13
13 16
1 16
10 16
1 12
15 12
11 8
1 14
